A	T	C	G
0.226	0.360	0.259	0.156
0.215	0.368	0.259	0.157
0.195	0.387	0.262	0.156
0.179	0.399	0.269	0.153
0.160	0.417	0.273	0.150
0.139	0.437	0.276	0.148
0.130	0.450	0.280	0.140
0.117	0.462	0.287	0.134
0.106	0.479	0.286	0.129
0.098	0.498	0.283	0.122
0.090	0.519	0.280	0.111
0.079	0.551	0.264	0.106
0.081	0.527	0.280	0.112
0.089	0.495	0.299	0.117
0.102	0.457	0.333	0.107
0.107	0.461	0.340	0.092
0.084	0.503	0.351	0.063
0.082	0.557	0.301	0.059
0.249	0.280	0.268	0.203
0.054	0.295	0.649	0.002
1.000	0.000	0.000	0.000
0.000	0.000	0.000	1.000
