A	T	C	G
0.184	0.404	0.191	0.220
0.227	0.376	0.206	0.191
0.177	0.461	0.191	0.170
0.106	0.511	0.227	0.156
0.085	0.511	0.305	0.099
0.050	0.376	0.504	0.071
0.092	0.454	0.440	0.014
0.092	0.553	0.333	0.021
0.241	0.489	0.234	0.035
0.383	0.376	0.128	0.113
0.440	0.262	0.220	0.078
0.333	0.227	0.362	0.078
0.348	0.277	0.284	0.092
0.177	0.255	0.312	0.255
0.213	0.241	0.340	0.206
0.206	0.404	0.184	0.206
0.213	0.340	0.227	0.220
0.149	0.362	0.319	0.170
0.163	0.369	0.255	0.213
0.106	0.376	0.511	0.007
1.000	0.000	0.000	0.000
0.000	0.000	1.000	0.000
